6
5
5
40.144000000000005
31.184
23.512
33.816
8
15
17.016
3663.96
-6
-6
32
5
41.432
30.512
23.736
34.096000000000004
35
15
10.072
3663.96
-6
-6
58
5
42.775999999999996
31.576
24.408
33.816
61
15
11.192
3663.96
-6
-6
85
5
43.952
30.008000000000003
24.072
34.768
88
15
11.64
3663.96
-6
-6
111
5
43.952
30.008000000000003
24.072
34.768
114
5
12.76
3663.96
-6
-6
138
5
43.56
30.008000000000003
24.632
34.096000000000004
141
5
17.072
3663.96
-6
-6
164
5
41.936
31.184
23.96
35.44
167
5
17.072
3663.96
-6
-6
191
5
39.696
31.576
24.856
33.816
194
5
17.240000000000002
3663.96
-6
-6
217
5
37.848
31.184
23.512
35.16
220
15
17.016
3663.96
-6
-6
244
5
38.744
31.128
24.072
33.368
247
15
5.143999999999998
3663.96
-6
-6
270
5
40.984
32.472
24.408
33.704
273
15
10.52
3663.96
-6
-6
297
5
42.16
30.567999999999998
24.072
34.264
300
15
10.799999999999999
3663.96
-6
-6
323
5
43.056
30.567999999999998
24.856
34.264
327
5
11.92
3663.96
-6
-6
350
5
43.056
30.567999999999998
24.856
34.264
353
5
17.072
3663.96
-6
-6
376
5
40.872
30.512
24.744
33.816
380
5
17.072
3663.96
-6
-6
403
5
38.296
32.976
24.072
33.816
406
5
17.072
3663.96
-6
-6
430
5
37.288
32.304
24.408
33.816
433
15
16.848
3663.96
-6
-6
456
5
37.848
31.8
23.96
33.368
